import numpy as np
import matplotlib.pyplot as plt

Vb = np.array([0,1,1.5,2,3,4,5,6,7,8,9,9.5,10,10.5,10.8,11.05,11.3,11.5,11.7,12,12.3,12.5,12.7,13,13.3,13.5,13.7,14,14.3,14.5,14.7,15,15.2,15.5,15.7,16,16.2,16.5,16.7,17,17.5,18,18.5,19,20,21,23,25])#mL
pH = np.array([3.18,3.57,3.71,3.83,4.02,4.18,4.30,4.41,4.53,4.63,4.74,4.80,4.85,4.91,4.94,4.98,5.01,5.03,5.07,5.10,5.15,5.17,5.22,5.27,5.33,5.36,5.41,5.49,5.57,5.61,5.72,5.82,5.95,6.17,6.46,7.95,9.86,10.45,10.62,10.81,10.99,11.11,11.20,11.27,11.37,11.45,11.55,11.63])
sigma = np.array([150,203.1,227,259,333,427,502,583,666,741,819,856,892,926,948,970,987,1000,1018,1033,1055,1068,1086,1105,1127,1139,1154,1174,1195,1204,1223,1240,1255,1273,1287,1307,1331,1390,1427,1493,1597,1697,1786,1894,2079,2275,2640,2993]) #microS/cm
V_couleur = 16.2 #mL


plt.figure()
plt.plot(Vb,pH,color='r',label='pH')
plt.xlabel('Volume versé (mL)')
plt.ylabel('pH')
plt.figure()
plt.plot(Vb,sigma,color='g',label='Conductance')
plt.xlabel('Volume versé (mL)')
plt.ylabel('Conductance (microS/cm)')
plt.show()
